corpus: 154 strings; slots pooled over blocks 1..62
slot	class	max	n_distinct(<=40 tracked)	sample
0	binary	1	2	[0, 1]
1	binary	1	2	[0, 1]
2	binary	1	2	[0, 1]
3	binary	1	2	[0, 1]
4	binary	1	2	[0, 1]
5	binary	1	2	[0, 1]
6	binary	1	2	[0, 1]
7	binary	1	2	[0, 1]
8	binary	1	2	[0, 1]
9	binary	1	2	[0, 1]
10	binary	1	2	[0, 1]
11	binary	1	2	[0, 1]
12	binary	1	2	[0, 1]
13	binary	1	2	[0, 1]
14	binary	1	2	[0, 1]
15	binary	1	2	[0, 1]
16	binary	1	2	[0, 1]
17	binary	1	2	[0, 1]
18	binary	1	2	[0, 1]
19	binary	1	2	[0, 1]
20	binary	1	2	[0, 1]
21	binary	1	2	[0, 1]
22	binary	1	2	[0, 1]
23	binary	1	2	[0, 1]
24	binary	1	2	[0, 1]
25	binary	1	2	[0, 1]
26	binary	1	2	[0, 1]
27	binary	1	2	[0, 1]
28	binary	1	2	[0, 1]
29	binary	1	2	[0, 1]
30	binary	1	2	[0, 1]
31	binary	1	2	[0, 1]
32	binary	1	2	[0, 1]
33	small<=8	2	3	[0, 1, 2]
34	small<=8	2	3	[0, 1, 2]
35	small<=8	2	3	[0, 1, 2]
36	small<=8	2	3	[0, 1, 2]
37	small<=8	2	3	[0, 1, 2]
38	small<=8	2	3	[0, 1, 2]
39	small<=8	2	3	[0, 1, 2]
40	small<=8	2	3	[0, 1, 2]
41	small<=8	2	3	[0, 1, 2]
42	small<=8	2	3	[0, 1, 2]
43	small<=8	2	3	[0, 1, 2]
44	small<=8	2	3	[0, 1, 2]
45	small<=8	2	3	[0, 1, 2]
46	small<=8	2	3	[0, 1, 2]
47	small<=8	2	3	[0, 1, 2]
48	small<=8	2	3	[0, 1, 2]
49	small<=8	2	3	[0, 1, 2]
50	small<=8	2	3	[0, 1, 2]
51	small<=8	2	3	[0, 1, 2]
52	small<=8	2	3	[0, 1, 2]
53	small<=8	2	3	[0, 1, 2]
54	small<=8	2	3	[0, 1, 2]
55	small<=8	2	3	[0, 1, 2]
56	small<=8	2	3	[0, 1, 2]
57	small<=8	2	3	[0, 1, 2]
58	small<=8	2	3	[0, 1, 2]
59	small<=8	2	3	[0, 1, 2]
60	small<=8	2	3	[0, 1, 2]
61	small<=8	2	3	[0, 1, 2]
62	small<=8	2	3	[0, 1, 2]
63	small<=8	2	3	[0, 1, 2]
64	always0	0	1	[0]
65	binary	1	2	[0, 1]
66	binary	1	2	[0, 1]
67	binary	1	2	[0, 1]
68	binary	1	2	[0, 1]
69	binary	1	2	[0, 1]
70	binary	1	2	[0, 1]
71	binary	1	2	[0, 1]
72	binary	1	2	[0, 1]
73	binary	1	2	[0, 1]
74	binary	1	2	[0, 1]
75	binary	1	2	[0, 1]
76	binary	1	2	[0, 1]
77	binary	1	2	[0, 1]
78	binary	1	2	[0, 1]
79	binary	1	2	[0, 1]
80	binary	1	2	[0, 1]
81	binary	1	2	[0, 1]
82	binary	1	2	[0, 1]
83	binary	1	2	[0, 1]
84	binary	1	2	[0, 1]
85	binary	1	2	[0, 1]
86	binary	1	2	[0, 1]
87	binary	1	2	[0, 1]
88	binary	1	2	[0, 1]
89	binary	1	2	[0, 1]
90	binary	1	2	[0, 1]
91	binary	1	2	[0, 1]
92	binary	1	2	[0, 1]
93	binary	1	2	[0, 1]
94	binary	1	2	[0, 1]
95	binary	1	2	[0, 1]
96	binary	1	2	[0, 1]
97	binary	1	2	[0, 1]
98	binary	1	2	[0, 1]
99	binary	1	2	[0, 1]
100	binary	1	2	[0, 1]
101	binary	1	2	[0, 1]
102	binary	1	2	[0, 1]
103	binary	1	2	[0, 1]
104	binary	1	2	[0, 1]
105	binary	1	2	[0, 1]
106	binary	1	2	[0, 1]
107	binary	1	2	[0, 1]
108	binary	1	2	[0, 1]
109	binary	1	2	[0, 1]
110	binary	1	2	[0, 1]
111	binary	1	2	[0, 1]
112	binary	1	2	[0, 1]
113	binary	1	2	[0, 1]
114	binary	1	2	[0, 1]
115	binary	1	2	[0, 1]
116	binary	1	2	[0, 1]
117	binary	1	2	[0, 1]
118	binary	1	2	[0, 1]
119	binary	1	2	[0, 1]
120	binary	1	2	[0, 1]
121	binary	1	2	[0, 1]
122	binary	1	2	[0, 1]
123	binary	1	2	[0, 1]
124	binary	1	2	[0, 1]
125	binary	1	2	[0, 1]
126	binary	1	2	[0, 1]
127	binary	1	2	[0, 1]
128	binary	1	2	[0, 1]
129	binary	1	2	[0, 1]
130	binary	1	2	[0, 1]
131	binary	1	2	[0, 1]
132	binary	1	2	[0, 1]
133	binary	1	2	[0, 1]
134	binary	1	2	[0, 1]
135	binary	1	2	[0, 1]
136	binary	1	2	[0, 1]
137	binary	1	2	[0, 1]
138	binary	1	2	[0, 1]
139	binary	1	2	[0, 1]
140	binary	1	2	[0, 1]
141	binary	1	2	[0, 1]
142	binary	1	2	[0, 1]
143	binary	1	2	[0, 1]
144	binary	1	2	[0, 1]
145	binary	1	2	[0, 1]
146	binary	1	2	[0, 1]
147	binary	1	2	[0, 1]
148	binary	1	2	[0, 1]
149	binary	1	2	[0, 1]
150	binary	1	2	[0, 1]
151	binary	1	2	[0, 1]
152	binary	1	2	[0, 1]
153	binary	1	2	[0, 1]
154	binary	1	2	[0, 1]
155	binary	1	2	[0, 1]
156	binary	1	2	[0, 1]
157	binary	1	2	[0, 1]
158	binary	1	2	[0, 1]
159	binary	1	2	[0, 1]
160	wide	186	15	[0, 1, 10, 18, 26, 42, 58, 66, 82, 98]
161	binary	1	2	[0, 1]
162	binary	1	2	[0, 1]
163	binary	1	2	[0, 1]
164	binary	1	2	[0, 1]
165	binary	1	2	[0, 1]
166	binary	1	2	[0, 1]
167	binary	1	2	[0, 1]
168	binary	1	2	[0, 1]
169	binary	1	2	[0, 1]
170	binary	1	2	[0, 1]
171	binary	1	2	[0, 1]
172	binary	1	2	[0, 1]
173	binary	1	2	[0, 1]
174	binary	1	2	[0, 1]
175	binary	1	2	[0, 1]
176	binary	1	2	[0, 1]
177	binary	1	2	[0, 1]
178	binary	1	2	[0, 1]
179	binary	1	2	[0, 1]
180	binary	1	2	[0, 1]
181	binary	1	2	[0, 1]
182	binary	1	2	[0, 1]
183	binary	1	2	[0, 1]
184	binary	1	2	[0, 1]
185	binary	1	2	[0, 1]
186	binary	1	2	[0, 1]
187	binary	1	2	[0, 1]
188	binary	1	2	[0, 1]
189	binary	1	2	[0, 1]
190	binary	1	2	[0, 1]
191	binary	1	2	[0, 1]
192	wide	128	40	[32, 35, 36, 37, 39, 44, 47, 53, 57, 58]
193	wide	128	40	[0, 32, 34, 38, 43, 46, 48, 50, 51, 56]
194	wide	128	40	[0, 45, 49, 52, 53, 55, 59, 61, 62, 63]
195	wide	128	40	[0, 33, 35, 36, 40, 42, 43, 44, 46, 48]
196	wide	128	40	[0, 32, 33, 36, 40, 41, 46, 49, 53, 57]
197	wide	128	40	[0, 32, 35, 42, 44, 47, 50, 54, 55, 58]
198	wide	126	40	[0, 33, 35, 39, 40, 41, 42, 43, 44, 46]
199	wide	126	40	[0, 33, 35, 38, 40, 41, 42, 43, 48, 52]
200	wide	128	40	[0, 36, 39, 40, 42, 43, 46, 47, 52, 53]
201	wide	125	40	[0, 34, 35, 37, 38, 41, 45, 46, 47, 49]
202	wide	126	40	[0, 33, 38, 40, 42, 47, 49, 55, 57, 58]
203	wide	128	40	[0, 35, 36, 38, 43, 49, 53, 55, 58, 59]
204	wide	125	40	[0, 35, 37, 39, 40, 43, 46, 47, 49, 57]
205	wide	128	40	[0, 33, 35, 36, 39, 42, 43, 44, 47, 49]
206	wide	128	40	[0, 34, 35, 38, 41, 42, 52, 54, 58, 59]
207	wide	128	40	[0, 34, 35, 37, 39, 40, 42, 45, 51, 53]
208	wide	128	38	[0, 37, 39, 40, 41, 47, 50, 53, 54, 59]
209	wide	128	40	[0, 38, 39, 40, 42, 46, 49, 56, 58, 59]
210	wide	128	40	[0, 32, 35, 39, 40, 53, 54, 57, 58, 60]
211	wide	128	40	[0, 32, 33, 35, 42, 45, 53, 54, 55, 58]
212	wide	121	33	[0, 38, 44, 48, 55, 65, 75, 80, 83, 85]
213	wide	128	40	[0, 32, 38, 39, 40, 42, 56, 59, 68, 69]
214	wide	128	36	[0, 38, 45, 46, 47, 55, 59, 74, 75, 77]
215	wide	128	35	[0, 32, 41, 44, 51, 53, 56, 59, 61, 65]
216	wide	123	35	[0, 32, 37, 43, 45, 48, 49, 55, 61, 65]
217	wide	128	33	[0, 32, 34, 35, 36, 38, 47, 55, 61, 66]
218	wide	123	34	[0, 33, 42, 46, 47, 56, 60, 67, 72, 74]
219	wide	122	36	[0, 35, 37, 39, 45, 53, 59, 60, 62, 71]
220	wide	126	30	[0, 32, 34, 36, 39, 46, 51, 52, 53, 59]
221	wide	122	32	[0, 37, 42, 50, 52, 54, 59, 66, 71, 75]
222	wide	121	36	[0, 36, 37, 41, 42, 43, 51, 52, 61, 62]
223	wide	128	36	[0, 33, 34, 37, 38, 43, 46, 47, 51, 58]
224	wide	123	32	[0, 33, 46, 47, 51, 54, 68, 72, 77, 85]
225	wide	128	36	[0, 35, 41, 43, 47, 50, 51, 63, 67, 72]
226	wide	128	25	[0, 42, 43, 54, 67, 73, 86, 93, 97, 99]
227	wide	128	24	[0, 43, 61, 71, 73, 75, 76, 81, 93, 97]
228	wide	122	20	[0, 43, 57, 65, 70, 82, 83, 85, 87, 94]
229	wide	128	19	[0, 38, 42, 71, 77, 94, 95, 96, 97, 98]
230	wide	118	16	[0, 54, 56, 63, 67, 72, 97, 98, 99, 105]
231	wide	128	20	[0, 33, 34, 39, 45, 49, 58, 59, 73, 84]
232	wide	128	20	[0, 37, 40, 44, 63, 66, 68, 85, 93, 97]
233	wide	118	19	[0, 39, 40, 49, 52, 62, 69, 71, 73, 75]
234	wide	128	19	[0, 47, 48, 58, 65, 75, 86, 96, 97, 99]
235	wide	125	19	[0, 34, 36, 42, 43, 51, 65, 75, 94, 97]
236	wide	128	18	[0, 51, 58, 62, 66, 78, 79, 85, 97, 98]
237	wide	118	17	[0, 42, 43, 66, 68, 70, 73, 78, 84, 86]
238	wide	122	16	[0, 39, 40, 41, 47, 53, 64, 94, 97, 98]
239	wide	120	19	[0, 42, 58, 61, 62, 74, 82, 93, 97, 100]
240	wide	128	18	[0, 38, 43, 44, 68, 70, 78, 84, 87, 91]
241	wide	128	14	[0, 37, 42, 53, 63, 71, 84, 97, 99, 104]
242	wide	107	16	[0, 34, 51, 54, 55, 56, 59, 60, 65, 92]
243	wide	122	16	[0, 42, 64, 65, 67, 70, 75, 80, 82, 83]
244	wide	128	15	[0, 52, 54, 61, 69, 79, 81, 83, 86, 97]
245	wide	116	14	[0, 40, 42, 50, 55, 75, 82, 84, 94, 97]
246	wide	128	15	[0, 34, 54, 58, 61, 63, 68, 72, 73, 77]
247	const128	128	2	[0, 128]
248	wide	440	35	[0, 8, 16, 24, 32, 40, 56, 64, 80, 88]
249	always0	0	1	[0]
250	always0	0	1	[0]
251	always0	0	1	[0]
252	always0	0	1	[0]
253	always0	0	1	[0]
254	always0	0	1	[0]
255	always0	0	1	[0]
