197 distinct layers out of 2721
id sequence (run-length encoded as id*count):
0 1 2 3 4 5 6 7 8 9 10 11 12 13 14 15 16 17 18 19 20 21 22 23 24 25 26 27 28 29 30 31 32 33 34 35 36 37 38 39 40 41 42 43 44 45 46 47 48 49 50 51 52 53 54 55 56 57 58 59 18 19 20 21 22 23 24 25 26 27 28 29 30 31 32 33 34 35 36 37 38 39 40 41 42 43 44 45 60 47 48 49 50 51 52 53 54 55 56 57 58 61 18 19 20 21 22 23 24 25 26 27 28 29 30 31 32 33 34 35 36 37 38 39 40 41 42 43 44 45 62 47 48 49 50 51 52 53 54 55 56 57 58 63 18 19 20 21 22 23 24 25 26 27 28 29 30 31 32 33 34 35 36 37 38 39 40 41 42 43 44 45 64 47 48 49 50 51 52 53 54 55 56 57 58 65 18 19 20 21 22 23 24 25 26 27 28 29 30 31 32 33 34 35 36 37 38 39 40 41 42 43 44 45 46 47 48 49 50 51 52 53 54 55 56 57 58 66 18 19 20 21 22 23 24 25 26 27 28 29 30 31 32 33 34 35 36 37 38 39 40 41 42 43 44 45 60 47 48 49 50 51 52 53 54 55 56 57 58 67 18 19 20 21 22 23 24 25 26 27 28 29 30 31 32 33 34 35 36 37 38 39 40 41 42 43 44 45 62 47 48 49 50 51 52 53 54 55 56 57 58 68 18 19 20 21 22 23 24 25 26 27 28 29 30 31 32 33 34 35 36 37 38 39 40 41 42 43 44 45 64 47 48 49 50 51 52 53 54 55 56 57 58 69 18 19 20 21 22 23 24 25 26 27 28 29 30 31 32 33 34 35 36 37 38 39 40 41 42 43 44 45 46 47 48 49 50 51 52 53 54 55 56 57 58 70 18 19 20 21 22 23 24 25 26 27 28 29 30 31 32 33 34 35 36 37 38 39 40 41 42 43 44 45 60 47 48 49 50 51 52 53 54 55 56 57 58 71 18 19 20 21 22 23 24 25 26 27 28 29 30 31 32 33 34 35 36 37 38 39 40 41 42 43 44 45 62 47 48 49 50 51 52 53 54 55 56 57 58 72 18 19 20 21 22 23 24 25 26 27 28 29 30 31 32 33 34 35 36 37 38 39 40 41 42 43 44 45 64 47 48 49 50 51 52 53 54 55 56 57 58 73 18 19 20 21 22 23 24 25 26 27 28 29 30 31 32 33 34 35 36 37 38 39 40 41 42 43 44 45 46 47 48 49 50 51 52 53 54 55 56 57 58 74 18 19 20 21 22 23 24 25 26 27 28 29 30 31 32 33 34 35 36 37 38 39 40 41 42 43 44 45 60 47 48 49 50 51 52 53 54 55 56 57 58 75 18 19 20 21 22 23 24 25 26 27 28 29 30 31 32 33 34 35 36 37 38 39 40 41 42 43 44 45 62 47 48 49 50 51 52 53 54 55 56 57 58 76 18 19 20 21 22 23 24 25 26 27 28 29 30 31 32 33 34 35 36 37 38 39 40 41 42 43 44 45 64 47 48 49 50 51 52 53 54 55 56 57 58 77 18 19 20 21 22 23 24 25 26 27 28 29 30 31 32 33 34 35 36 37 38 39 40 41 42 43 44 45 78 47 48 49 50 51 52 53 54 55 56 57 58 79 18 19 20 21 22 23 24 25 26 27 28 29 30 31 32 33 34 35 36 37 38 39 40 41 42 43 44 45 80 47 48 49 50 51 52 53 54 55 56 57 58 81 18 19 20 21 22 23 24 25 26 27 28 29 30 31 32 33 34 35 36 37 38 39 40 41 42 43 44 45 82 47 48 49 50 51 52 53 54 55 56 57 58 83 18 19 20 21 22 23 24 25 26 27 28 29 30 31 32 33 34 35 36 37 38 39 40 41 42 43 44 45 84 47 48 49 50 51 52 53 54 55 56 57 58 85 18 19 20 21 22 23 24 25 26 27 28 29 30 31 32 33 34 35 36 37 38 39 40 41 42 43 44 45 78 47 48 49 50 51 52 53 54 55 56 57 58 86 18 19 20 21 22 23 24 25 26 27 28 29 30 31 32 33 34 35 36 37 38 39 40 41 42 43 44 45 80 47 48 49 50 51 52 53 54 55 56 57 58 87 18 19 20 21 22 23 24 25 26 27 28 29 30 31 32 33 34 35 36 37 38 39 40 41 42 43 44 45 82 47 48 49 50 51 52 53 54 55 56 57 58 88 18 19 20 21 22 23 24 25 26 27 28 29 30 31 32 33 34 35 36 37 38 39 40 41 42 43 44 45 84 47 48 49 50 51 52 53 54 55 56 57 58 89 18 19 20 21 22 23 24 25 26 27 28 29 30 31 32 33 34 35 36 37 38 39 40 41 42 43 44 45 78 47 48 49 50 51 52 53 54 55 56 57 58 90 18 19 20 21 22 23 24 25 26 27 28 29 30 31 32 33 34 35 36 37 38 39 40 41 42 43 44 45 80 47 48 49 50 51 52 53 54 55 56 57 58 91 18 19 20 21 22 23 24 25 26 27 28 29 30 31 32 33 34 35 36 37 38 39 40 41 42 43 44 45 82 47 48 49 50 51 52 53 54 55 56 57 58 92 18 19 20 21 22 23 24 25 26 27 28 29 30 31 32 33 34 35 36 37 38 39 40 41 42 43 44 45 84 47 48 49 50 51 52 53 54 55 56 57 58 93 18 19 20 21 22 23 24 25 26 27 28 29 30 31 32 33 34 35 36 37 38 39 40 41 42 43 44 45 78 47 48 49 50 51 52 53 54 55 56 57 58 94 18 19 20 21 22 23 24 25 26 27 28 29 30 31 32 33 34 35 36 37 38 39 40 41 42 43 44 45 80 47 48 49 50 51 52 53 54 55 56 57 58 95 18 19 20 21 22 23 24 25 26 27 28 29 30 31 32 33 34 35 36 37 38 39 40 41 42 43 44 45 82 47 48 49 50 51 52 53 54 55 56 57 58 96 18 19 20 21 22 23 24 25 26 27 28 29 30 31 32 33 34 35 36 37 38 39 40 41 42 43 44 45 84 47 48 49 50 51 52 53 54 55 56 57 58 97 98 99 20 21 22 23 24 25 26 27 28 29 30 31 32 33 34 35 36 37 38 39 40 41 42 43 44 45 100 47 48 49 50 51 52 53 54 55 56 57 58 101 98 99 20 21 22 23 24 25 26 27 28 29 30 31 32 33 34 35 36 37 38 39 40 41 42 43 44 45 102 47 48 49 50 51 52 53 54 55 56 57 58 103 98 99 20 21 22 23 24 25 26 27 28 29 30 31 32 33 34 35 36 37 38 39 40 41 42 43 44 45 104 47 48 49 50 51 52 53 54 55 56 57 58 105 98 99 20 21 22 23 24 25 26 27 28 29 30 31 32 33 34 35 36 37 38 39 40 41 42 43 44 45 106 47 48 49 50 51 52 53 54 55 56 57 58 107 98 99 20 21 22 23 24 25 26 27 28 29 30 31 32 33 34 35 36 37 38 39 40 41 42 43 44 45 100 47 48 49 50 51 52 53 54 55 56 57 58 108 98 99 20 21 22 23 24 25 26 27 28 29 30 31 32 33 34 35 36 37 38 39 40 41 42 43 44 45 102 47 48 49 50 51 52 53 54 55 56 57 58 109 98 99 20 21 22 23 24 25 26 27 28 29 30 31 32 33 34 35 36 37 38 39 40 41 42 43 44 45 104 47 48 49 50 51 52 53 54 55 56 57 58 110 98 99 20 21 22 23 24 25 26 27 28 29 30 31 32 33 34 35 36 37 38 39 40 41 42 43 44 45 106 47 48 49 50 51 52 53 54 55 56 57 58 111 98 99 20 21 22 23 24 25 26 27 28 29 30 31 32 33 34 35 36 37 38 39 40 41 42 43 44 45 100 47 48 49 50 51 52 53 54 55 56 57 58 112 98 99 20 21 22 23 24 25 26 27 28 29 30 31 32 33 34 35 36 37 38 39 40 41 42 43 44 45 102 47 48 49 50 51 52 53 54 55 56 57 58 113 98 99 20 21 22 23 24 25 26 27 28 29 30 31 32 33 34 35 36 37 38 39 40 41 42 43 44 45 104 47 48 49 50 51 52 53 54 55 56 57 58 114 98 99 20 21 22 23 24 25 26 27 28 29 30 31 32 33 34 35 36 37 38 39 40 41 42 43 44 45 106 47 48 49 50 51 52 53 54 55 56 57 58 115 98 99 20 21 22 23 24 25 26 27 28 29 30 31 32 33 34 35 36 37 38 39 40 41 42 43 44 45 100 47 48 49 50 51 52 53 54 55 56 57 58 116 98 99 20 21 22 23 24 25 26 27 28 29 30 31 32 33 34 35 36 37 38 39 40 41 42 43 44 45 102 47 48 49 50 51 52 53 54 55 56 57 58 117 98 99 20 21 22 23 24 25 26 27 28 29 30 31 32 33 34 35 36 37 38 39 40 41 42 43 44 45 104 47 48 49 50 51 52 53 54 55 56 57 58 118 98 99 20 21 22 23 24 25 26 27 28 29 30 31 32 33 34 35 36 37 38 39 40 41 42 43 44 45 106 47 48 49 50 51 52 53 54 55 56 57 58 119 120 99 20 21 22 23 24 25 26 27 28 29 30 31 32 33 34 35 36 37 38 39 40 41 42 43 44 45 121 47 48 49 50 51 52 53 54 55 56 57 58 122 120 99 20 21 22 23 24 25 26 27 28 29 30 31 32 33 34 35 36 37 38 39 40 41 42 43 44 45 123 47 48 49 50 51 52 53 54 55 56 57 58 124 120 99 20 21 22 23 24 25 26 27 28 29 30 31 32 33 34 35 36 37 38 39 40 41 42 43 44 45 125 47 48 49 50 51 52 53 54 55 56 57 58 126 120 99 20 21 22 23 24 25 26 27 28 29 30 31 32 33 34 35 36 37 38 39 40 41 42 43 44 45 127 47 48 49 50 51 52 53 54 55 56 57 58 128 120 99 20 21 22 23 24 25 26 27 28 29 30 31 32 33 34 35 36 37 38 39 40 41 42 43 44 45 121 47 48 49 50 51 52 53 54 55 56 57 58 129 120 99 20 21 22 23 24 25 26 27 28 29 30 31 32 33 34 35 36 37 38 39 40 41 42 43 44 45 123 47 48 49 50 51 52 53 54 55 56 57 58 130 120 99 20 21 22 23 24 25 26 27 28 29 30 31 32 33 34 35 36 37 38 39 40 41 42 43 44 45 125 47 48 49 50 51 52 53 54 55 56 57 58 131 120 99 20 21 22 23 24 25 26 27 28 29 30 31 32 33 34 35 36 37 38 39 40 41 42 43 44 45 127 47 48 49 50 51 52 53 54 55 56 57 58 132 120 99 20 21 22 23 24 25 26 27 28 29 30 31 32 33 34 35 36 37 38 39 40 41 42 43 44 45 121 47 48 49 50 51 52 53 54 55 56 57 58 133 120 99 20 21 22 23 24 25 26 27 28 29 30 31 32 33 34 35 36 37 38 39 40 41 42 43 44 45 123 47 48 49 50 51 52 53 54 55 56 57 58 134 120 99 20 21 22 23 24 25 26 27 28 29 30 31 32 33 34 35 36 37 38 39 40 41 42 43 44 45 125 47 48 49 50 51 52 53 54 55 56 57 58 135 120 99 20 21 22 23 24 25 26 27 28 29 30 31 32 33 34 35 36 37 38 39 40 41 42 43 44 45 127 47 48 49 50 51 52 53 54 55 56 57 58 136 120 99 20 21 22 23 24 25 26 27 28 29 30 31 32 33 34 35 36 37 38 39 40 41 42 43 44 45 121 47 48 49 50 51 52 53 54 55 56 57 58 137 120 99 20 21 22 23 24 25 26 27 28 29 30 31 32 33 34 35 36 37 38 39 40 41 42 43 44 45 123 47 48 49 50 51 52 53 54 55 56 57 58 138 120 99 20 21 22 23 24 25 26 27 28 29 30 31 32 33 34 35 36 37 38 39 40 41 42 43 44 45 125 47 48 49 50 51 52 53 54 55 56 57 58 139 140 141 142 143 144 145 146 147 148 149 150 151 152 153 154 155 156 157 158 159 160 161 162 163 164 165 166 167 168 169 170 171 172 173 174 175 176 177 178 179 180 181 182 183 184 185 186 187 188 189 190 191 192 193 194 195 196

full id sequence, one per line: layer_idx	id
0	0
1	1
2	2
3	3
4	4
5	5
6	6
7	7
8	8
9	9
10	10
11	11
12	12
13	13
14	14
15	15
16	16
17	17
18	18
19	19
20	20
21	21
22	22
23	23
24	24
25	25
26	26
27	27
28	28
29	29
30	30
31	31
32	32
33	33
34	34
35	35
36	36
37	37
38	38
39	39
40	40
41	41
42	42
43	43
44	44
45	45
46	46
47	47
48	48
49	49
50	50
51	51
52	52
53	53
54	54
55	55
56	56
57	57
58	58
59	59
60	18
61	19
62	20
63	21
64	22
65	23
66	24
67	25
68	26
69	27
70	28
71	29
72	30
73	31
74	32
75	33
76	34
77	35
78	36
79	37
80	38
81	39
82	40
83	41
84	42
85	43
86	44
87	45
88	60
89	47
90	48
91	49
92	50
93	51
94	52
95	53
96	54
97	55
98	56
99	57
100	58
101	61
102	18
103	19
104	20
105	21
106	22
107	23
108	24
109	25
110	26
111	27
112	28
113	29
114	30
115	31
116	32
117	33
118	34
119	35
120	36
121	37
122	38
123	39
124	40
125	41
126	42
127	43
128	44
129	45
130	62
131	47
132	48
133	49
134	50
135	51
136	52
137	53
138	54
139	55
140	56
141	57
142	58
143	63
144	18
145	19
146	20
147	21
148	22
149	23
150	24
151	25
152	26
153	27
154	28
155	29
156	30
157	31
158	32
159	33
160	34
161	35
162	36
163	37
164	38
165	39
166	40
167	41
168	42
169	43
170	44
171	45
172	64
173	47
174	48
175	49
176	50
177	51
178	52
179	53
180	54
181	55
182	56
183	57
184	58
185	65
186	18
187	19
188	20
189	21
190	22
191	23
192	24
193	25
194	26
195	27
196	28
197	29
198	30
199	31
200	32
201	33
202	34
203	35
204	36
205	37
206	38
207	39
208	40
209	41
210	42
211	43
212	44
213	45
214	46
215	47
216	48
217	49
218	50
219	51
220	52
221	53
222	54
223	55
224	56
225	57
226	58
227	66
228	18
229	19
230	20
231	21
232	22
233	23
234	24
235	25
236	26
237	27
238	28
239	29
240	30
241	31
242	32
243	33
244	34
245	35
246	36
247	37
248	38
249	39
250	40
251	41
252	42
253	43
254	44
255	45
256	60
257	47
258	48
259	49
260	50
261	51
262	52
263	53
264	54
265	55
266	56
267	57
268	58
269	67
270	18
271	19
272	20
273	21
274	22
275	23
276	24
277	25
278	26
279	27
280	28
281	29
282	30
283	31
284	32
285	33
286	34
287	35
288	36
289	37
290	38
291	39
292	40
293	41
294	42
295	43
296	44
297	45
298	62
299	47
300	48
301	49
302	50
303	51
304	52
305	53
306	54
307	55
308	56
309	57
310	58
311	68
312	18
313	19
314	20
315	21
316	22
317	23
318	24
319	25
320	26
321	27
322	28
323	29
324	30
325	31
326	32
327	33
328	34
329	35
330	36
331	37
332	38
333	39
334	40
335	41
336	42
337	43
338	44
339	45
340	64
341	47
342	48
343	49
344	50
345	51
346	52
347	53
348	54
349	55
350	56
351	57
352	58
353	69
354	18
355	19
356	20
357	21
358	22
359	23
360	24
361	25
362	26
363	27
364	28
365	29
366	30
367	31
368	32
369	33
370	34
371	35
372	36
373	37
374	38
375	39
376	40
377	41
378	42
379	43
380	44
381	45
382	46
383	47
384	48
385	49
386	50
387	51
388	52
389	53
390	54
391	55
392	56
393	57
394	58
395	70
396	18
397	19
398	20
399	21
400	22
401	23
402	24
403	25
404	26
405	27
406	28
407	29
408	30
409	31
410	32
411	33
412	34
413	35
414	36
415	37
416	38
417	39
418	40
419	41
420	42
421	43
422	44
423	45
424	60
425	47
426	48
427	49
428	50
429	51
430	52
431	53
432	54
433	55
434	56
435	57
436	58
437	71
438	18
439	19
440	20
441	21
442	22
443	23
444	24
445	25
446	26
447	27
448	28
449	29
450	30
451	31
452	32
453	33
454	34
455	35
456	36
457	37
458	38
459	39
460	40
461	41
462	42
463	43
464	44
465	45
466	62
467	47
468	48
469	49
470	50
471	51
472	52
473	53
474	54
475	55
476	56
477	57
478	58
479	72
480	18
481	19
482	20
483	21
484	22
485	23
486	24
487	25
488	26
489	27
490	28
491	29
492	30
493	31
494	32
495	33
496	34
497	35
498	36
499	37
500	38
501	39
502	40
503	41
504	42
505	43
506	44
507	45
508	64
509	47
510	48
511	49
512	50
513	51
514	52
515	53
516	54
517	55
518	56
519	57
520	58
521	73
522	18
523	19
524	20
525	21
526	22
527	23
528	24
529	25
530	26
531	27
532	28
533	29
534	30
535	31
536	32
537	33
538	34
539	35
540	36
541	37
542	38
543	39
544	40
545	41
546	42
547	43
548	44
549	45
550	46
551	47
552	48
553	49
554	50
555	51
556	52
557	53
558	54
559	55
560	56
561	57
562	58
563	74
564	18
565	19
566	20
567	21
568	22
569	23
570	24
571	25
572	26
573	27
574	28
575	29
576	30
577	31
578	32
579	33
580	34
581	35
582	36
583	37
584	38
585	39
586	40
587	41
588	42
589	43
590	44
591	45
592	60
593	47
594	48
595	49
596	50
597	51
598	52
599	53
600	54
601	55
602	56
603	57
604	58
605	75
606	18
607	19
608	20
609	21
610	22
611	23
612	24
613	25
614	26
615	27
616	28
617	29
618	30
619	31
620	32
621	33
622	34
623	35
624	36
625	37
626	38
627	39
628	40
629	41
630	42
631	43
632	44
633	45
634	62
635	47
636	48
637	49
638	50
639	51
640	52
641	53
642	54
643	55
644	56
645	57
646	58
647	76
648	18
649	19
650	20
651	21
652	22
653	23
654	24
655	25
656	26
657	27
658	28
659	29
660	30
661	31
662	32
663	33
664	34
665	35
666	36
667	37
668	38
669	39
670	40
671	41
672	42
673	43
674	44
675	45
676	64
677	47
678	48
679	49
680	50
681	51
682	52
683	53
684	54
685	55
686	56
687	57
688	58
689	77
690	18
691	19
692	20
693	21
694	22
695	23
696	24
697	25
698	26
699	27
700	28
701	29
702	30
703	31
704	32
705	33
706	34
707	35
708	36
709	37
710	38
711	39
712	40
713	41
714	42
715	43
716	44
717	45
718	78
719	47
720	48
721	49
722	50
723	51
724	52
725	53
726	54
727	55
728	56
729	57
730	58
731	79
732	18
733	19
734	20
735	21
736	22
737	23
738	24
739	25
740	26
741	27
742	28
743	29
744	30
745	31
746	32
747	33
748	34
749	35
750	36
751	37
752	38
753	39
754	40
755	41
756	42
757	43
758	44
759	45
760	80
761	47
762	48
763	49
764	50
765	51
766	52
767	53
768	54
769	55
770	56
771	57
772	58
773	81
774	18
775	19
776	20
777	21
778	22
779	23
780	24
781	25
782	26
783	27
784	28
785	29
786	30
787	31
788	32
789	33
790	34
791	35
792	36
793	37
794	38
795	39
796	40
797	41
798	42
799	43
800	44
801	45
802	82
803	47
804	48
805	49
806	50
807	51
808	52
809	53
810	54
811	55
812	56
813	57
814	58
815	83
816	18
817	19
818	20
819	21
820	22
821	23
822	24
823	25
824	26
825	27
826	28
827	29
828	30
829	31
830	32
831	33
832	34
833	35
834	36
835	37
836	38
837	39
838	40
839	41
840	42
841	43
842	44
843	45
844	84
845	47
846	48
847	49
848	50
849	51
850	52
851	53
852	54
853	55
854	56
855	57
856	58
857	85
858	18
859	19
860	20
861	21
862	22
863	23
864	24
865	25
866	26
867	27
868	28
869	29
870	30
871	31
872	32
873	33
874	34
875	35
876	36
877	37
878	38
879	39
880	40
881	41
882	42
883	43
884	44
885	45
886	78
887	47
888	48
889	49
890	50
891	51
892	52
893	53
894	54
895	55
896	56
897	57
898	58
899	86
900	18
901	19
902	20
903	21
904	22
905	23
906	24
907	25
908	26
909	27
910	28
911	29
912	30
913	31
914	32
915	33
916	34
917	35
918	36
919	37
920	38
921	39
922	40
923	41
924	42
925	43
926	44
927	45
928	80
929	47
930	48
931	49
932	50
933	51
934	52
935	53
936	54
937	55
938	56
939	57
940	58
941	87
942	18
943	19
944	20
945	21
946	22
947	23
948	24
949	25
950	26
951	27
952	28
953	29
954	30
955	31
956	32
957	33
958	34
959	35
960	36
961	37
962	38
963	39
964	40
965	41
966	42
967	43
968	44
969	45
970	82
971	47
972	48
973	49
974	50
975	51
976	52
977	53
978	54
979	55
980	56
981	57
982	58
983	88
984	18
985	19
986	20
987	21
988	22
989	23
990	24
991	25
992	26
993	27
994	28
995	29
996	30
997	31
998	32
999	33
1000	34
1001	35
1002	36
1003	37
1004	38
1005	39
1006	40
1007	41
1008	42
1009	43
1010	44
1011	45
1012	84
1013	47
1014	48
1015	49
1016	50
1017	51
1018	52
1019	53
1020	54
1021	55
1022	56
1023	57
1024	58
1025	89
1026	18
1027	19
1028	20
1029	21
1030	22
1031	23
1032	24
1033	25
1034	26
1035	27
1036	28
1037	29
1038	30
1039	31
1040	32
1041	33
1042	34
1043	35
1044	36
1045	37
1046	38
1047	39
1048	40
1049	41
1050	42
1051	43
1052	44
1053	45
1054	78
1055	47
1056	48
1057	49
1058	50
1059	51
1060	52
1061	53
1062	54
1063	55
1064	56
1065	57
1066	58
1067	90
1068	18
1069	19
1070	20
1071	21
1072	22
1073	23
1074	24
1075	25
1076	26
1077	27
1078	28
1079	29
1080	30
1081	31
1082	32
1083	33
1084	34
1085	35
1086	36
1087	37
1088	38
1089	39
1090	40
1091	41
1092	42
1093	43
1094	44
1095	45
1096	80
1097	47
1098	48
1099	49
1100	50
1101	51
1102	52
1103	53
1104	54
1105	55
1106	56
1107	57
1108	58
1109	91
1110	18
1111	19
1112	20
1113	21
1114	22
1115	23
1116	24
1117	25
1118	26
1119	27
1120	28
1121	29
1122	30
1123	31
1124	32
1125	33
1126	34
1127	35
1128	36
1129	37
1130	38
1131	39
1132	40
1133	41
1134	42
1135	43
1136	44
1137	45
1138	82
1139	47
1140	48
1141	49
1142	50
1143	51
1144	52
1145	53
1146	54
1147	55
1148	56
1149	57
1150	58
1151	92
1152	18
1153	19
1154	20
1155	21
1156	22
1157	23
1158	24
1159	25
1160	26
1161	27
1162	28
1163	29
1164	30
1165	31
1166	32
1167	33
1168	34
1169	35
1170	36
1171	37
1172	38
1173	39
1174	40
1175	41
1176	42
1177	43
1178	44
1179	45
1180	84
1181	47
1182	48
1183	49
1184	50
1185	51
1186	52
1187	53
1188	54
1189	55
1190	56
1191	57
1192	58
1193	93
1194	18
1195	19
1196	20
1197	21
1198	22
1199	23
1200	24
1201	25
1202	26
1203	27
1204	28
1205	29
1206	30
1207	31
1208	32
1209	33
1210	34
1211	35
1212	36
1213	37
1214	38
1215	39
1216	40
1217	41
1218	42
1219	43
1220	44
1221	45
1222	78
1223	47
1224	48
1225	49
1226	50
1227	51
1228	52
1229	53
1230	54
1231	55
1232	56
1233	57
1234	58
1235	94
1236	18
1237	19
1238	20
1239	21
1240	22
1241	23
1242	24
1243	25
1244	26
1245	27
1246	28
1247	29
1248	30
1249	31
1250	32
1251	33
1252	34
1253	35
1254	36
1255	37
1256	38
1257	39
1258	40
1259	41
1260	42
1261	43
1262	44
1263	45
1264	80
1265	47
1266	48
1267	49
1268	50
1269	51
1270	52
1271	53
1272	54
1273	55
1274	56
1275	57
1276	58
1277	95
1278	18
1279	19
1280	20
1281	21
1282	22
1283	23
1284	24
1285	25
1286	26
1287	27
1288	28
1289	29
1290	30
1291	31
1292	32
1293	33
1294	34
1295	35
1296	36
1297	37
1298	38
1299	39
1300	40
1301	41
1302	42
1303	43
1304	44
1305	45
1306	82
1307	47
1308	48
1309	49
1310	50
1311	51
1312	52
1313	53
1314	54
1315	55
1316	56
1317	57
1318	58
1319	96
1320	18
1321	19
1322	20
1323	21
1324	22
1325	23
1326	24
1327	25
1328	26
1329	27
1330	28
1331	29
1332	30
1333	31
1334	32
1335	33
1336	34
1337	35
1338	36
1339	37
1340	38
1341	39
1342	40
1343	41
1344	42
1345	43
1346	44
1347	45
1348	84
1349	47
1350	48
1351	49
1352	50
1353	51
1354	52
1355	53
1356	54
1357	55
1358	56
1359	57
1360	58
1361	97
1362	98
1363	99
1364	20
1365	21
1366	22
1367	23
1368	24
1369	25
1370	26
1371	27
1372	28
1373	29
1374	30
1375	31
1376	32
1377	33
1378	34
1379	35
1380	36
1381	37
1382	38
1383	39
1384	40
1385	41
1386	42
1387	43
1388	44
1389	45
1390	100
1391	47
1392	48
1393	49
1394	50
1395	51
1396	52
1397	53
1398	54
1399	55
1400	56
1401	57
1402	58
1403	101
1404	98
1405	99
1406	20
1407	21
1408	22
1409	23
1410	24
1411	25
1412	26
1413	27
1414	28
1415	29
1416	30
1417	31
1418	32
1419	33
1420	34
1421	35
1422	36
1423	37
1424	38
1425	39
1426	40
1427	41
1428	42
1429	43
1430	44
1431	45
1432	102
1433	47
1434	48
1435	49
1436	50
1437	51
1438	52
1439	53
1440	54
1441	55
1442	56
1443	57
1444	58
1445	103
1446	98
1447	99
1448	20
1449	21
1450	22
1451	23
1452	24
1453	25
1454	26
1455	27
1456	28
1457	29
1458	30
1459	31
1460	32
1461	33
1462	34
1463	35
1464	36
1465	37
1466	38
1467	39
1468	40
1469	41
1470	42
1471	43
1472	44
1473	45
1474	104
1475	47
1476	48
1477	49
1478	50
1479	51
1480	52
1481	53
1482	54
1483	55
1484	56
1485	57
1486	58
1487	105
1488	98
1489	99
1490	20
1491	21
1492	22
1493	23
1494	24
1495	25
1496	26
1497	27
1498	28
1499	29
1500	30
1501	31
1502	32
1503	33
1504	34
1505	35
1506	36
1507	37
1508	38
1509	39
1510	40
1511	41
1512	42
1513	43
1514	44
1515	45
1516	106
1517	47
1518	48
1519	49
1520	50
1521	51
1522	52
1523	53
1524	54
1525	55
1526	56
1527	57
1528	58
1529	107
1530	98
1531	99
1532	20
1533	21
1534	22
1535	23
1536	24
1537	25
1538	26
1539	27
1540	28
1541	29
1542	30
1543	31
1544	32
1545	33
1546	34
1547	35
1548	36
1549	37
1550	38
1551	39
1552	40
1553	41
1554	42
1555	43
1556	44
1557	45
1558	100
1559	47
1560	48
1561	49
1562	50
1563	51
1564	52
1565	53
1566	54
1567	55
1568	56
1569	57
1570	58
1571	108
1572	98
1573	99
1574	20
1575	21
1576	22
1577	23
1578	24
1579	25
1580	26
1581	27
1582	28
1583	29
1584	30
1585	31
1586	32
1587	33
1588	34
1589	35
1590	36
1591	37
1592	38
1593	39
1594	40
1595	41
1596	42
1597	43
1598	44
1599	45
1600	102
1601	47
1602	48
1603	49
1604	50
1605	51
1606	52
1607	53
1608	54
1609	55
1610	56
1611	57
1612	58
1613	109
1614	98
1615	99
1616	20
1617	21
1618	22
1619	23
1620	24
1621	25
1622	26
1623	27
1624	28
1625	29
1626	30
1627	31
1628	32
1629	33
1630	34
1631	35
1632	36
1633	37
1634	38
1635	39
1636	40
1637	41
1638	42
1639	43
1640	44
1641	45
1642	104
1643	47
1644	48
1645	49
1646	50
1647	51
1648	52
1649	53
1650	54
1651	55
1652	56
1653	57
1654	58
1655	110
1656	98
1657	99
1658	20
1659	21
1660	22
1661	23
1662	24
1663	25
1664	26
1665	27
1666	28
1667	29
1668	30
1669	31
1670	32
1671	33
1672	34
1673	35
1674	36
1675	37
1676	38
1677	39
1678	40
1679	41
1680	42
1681	43
1682	44
1683	45
1684	106
1685	47
1686	48
1687	49
1688	50
1689	51
1690	52
1691	53
1692	54
1693	55
1694	56
1695	57
1696	58
1697	111
1698	98
1699	99
1700	20
1701	21
1702	22
1703	23
1704	24
1705	25
1706	26
1707	27
1708	28
1709	29
1710	30
1711	31
1712	32
1713	33
1714	34
1715	35
1716	36
1717	37
1718	38
1719	39
1720	40
1721	41
1722	42
1723	43
1724	44
1725	45
1726	100
1727	47
1728	48
1729	49
1730	50
1731	51
1732	52
1733	53
1734	54
1735	55
1736	56
1737	57
1738	58
1739	112
1740	98
1741	99
1742	20
1743	21
1744	22
1745	23
1746	24
1747	25
1748	26
1749	27
1750	28
1751	29
1752	30
1753	31
1754	32
1755	33
1756	34
1757	35
1758	36
1759	37
1760	38
1761	39
1762	40
1763	41
1764	42
1765	43
1766	44
1767	45
1768	102
1769	47
1770	48
1771	49
1772	50
1773	51
1774	52
1775	53
1776	54
1777	55
1778	56
1779	57
1780	58
1781	113
1782	98
1783	99
1784	20
1785	21
1786	22
1787	23
1788	24
1789	25
1790	26
1791	27
1792	28
1793	29
1794	30
1795	31
1796	32
1797	33
1798	34
1799	35
1800	36
1801	37
1802	38
1803	39
1804	40
1805	41
1806	42
1807	43
1808	44
1809	45
1810	104
1811	47
1812	48
1813	49
1814	50
1815	51
1816	52
1817	53
1818	54
1819	55
1820	56
1821	57
1822	58
1823	114
1824	98
1825	99
1826	20
1827	21
1828	22
1829	23
1830	24
1831	25
1832	26
1833	27
1834	28
1835	29
1836	30
1837	31
1838	32
1839	33
1840	34
1841	35
1842	36
1843	37
1844	38
1845	39
1846	40
1847	41
1848	42
1849	43
1850	44
1851	45
1852	106
1853	47
1854	48
1855	49
1856	50
1857	51
1858	52
1859	53
1860	54
1861	55
1862	56
1863	57
1864	58
1865	115
1866	98
1867	99
1868	20
1869	21
1870	22
1871	23
1872	24
1873	25
1874	26
1875	27
1876	28
1877	29
1878	30
1879	31
1880	32
1881	33
1882	34
1883	35
1884	36
1885	37
1886	38
1887	39
1888	40
1889	41
1890	42
1891	43
1892	44
1893	45
1894	100
1895	47
1896	48
1897	49
1898	50
1899	51
1900	52
1901	53
1902	54
1903	55
1904	56
1905	57
1906	58
1907	116
1908	98
1909	99
1910	20
1911	21
1912	22
1913	23
1914	24
1915	25
1916	26
1917	27
1918	28
1919	29
1920	30
1921	31
1922	32
1923	33
1924	34
1925	35
1926	36
1927	37
1928	38
1929	39
1930	40
1931	41
1932	42
1933	43
1934	44
1935	45
1936	102
1937	47
1938	48
1939	49
1940	50
1941	51
1942	52
1943	53
1944	54
1945	55
1946	56
1947	57
1948	58
1949	117
1950	98
1951	99
1952	20
1953	21
1954	22
1955	23
1956	24
1957	25
1958	26
1959	27
1960	28
1961	29
1962	30
1963	31
1964	32
1965	33
1966	34
1967	35
1968	36
1969	37
1970	38
1971	39
1972	40
1973	41
1974	42
1975	43
1976	44
1977	45
1978	104
1979	47
1980	48
1981	49
1982	50
1983	51
1984	52
1985	53
1986	54
1987	55
1988	56
1989	57
1990	58
1991	118
1992	98
1993	99
1994	20
1995	21
1996	22
1997	23
1998	24
1999	25
2000	26
2001	27
2002	28
2003	29
2004	30
2005	31
2006	32
2007	33
2008	34
2009	35
2010	36
2011	37
2012	38
2013	39
2014	40
2015	41
2016	42
2017	43
2018	44
2019	45
2020	106
2021	47
2022	48
2023	49
2024	50
2025	51
2026	52
2027	53
2028	54
2029	55
2030	56
2031	57
2032	58
2033	119
2034	120
2035	99
2036	20
2037	21
2038	22
2039	23
2040	24
2041	25
2042	26
2043	27
2044	28
2045	29
2046	30
2047	31
2048	32
2049	33
2050	34
2051	35
2052	36
2053	37
2054	38
2055	39
2056	40
2057	41
2058	42
2059	43
2060	44
2061	45
2062	121
2063	47
2064	48
2065	49
2066	50
2067	51
2068	52
2069	53
2070	54
2071	55
2072	56
2073	57
2074	58
2075	122
2076	120
2077	99
2078	20
2079	21
2080	22
2081	23
2082	24
2083	25
2084	26
2085	27
2086	28
2087	29
2088	30
2089	31
2090	32
2091	33
2092	34
2093	35
2094	36
2095	37
2096	38
2097	39
2098	40
2099	41
2100	42
2101	43
2102	44
2103	45
2104	123
2105	47
2106	48
2107	49
2108	50
2109	51
2110	52
2111	53
2112	54
2113	55
2114	56
2115	57
2116	58
2117	124
2118	120
2119	99
2120	20
2121	21
2122	22
2123	23
2124	24
2125	25
2126	26
2127	27
2128	28
2129	29
2130	30
2131	31
2132	32
2133	33
2134	34
2135	35
2136	36
2137	37
2138	38
2139	39
2140	40
2141	41
2142	42
2143	43
2144	44
2145	45
2146	125
2147	47
2148	48
2149	49
2150	50
2151	51
2152	52
2153	53
2154	54
2155	55
2156	56
2157	57
2158	58
2159	126
2160	120
2161	99
2162	20
2163	21
2164	22
2165	23
2166	24
2167	25
2168	26
2169	27
2170	28
2171	29
2172	30
2173	31
2174	32
2175	33
2176	34
2177	35
2178	36
2179	37
2180	38
2181	39
2182	40
2183	41
2184	42
2185	43
2186	44
2187	45
2188	127
2189	47
2190	48
2191	49
2192	50
2193	51
2194	52
2195	53
2196	54
2197	55
2198	56
2199	57
2200	58
2201	128
2202	120
2203	99
2204	20
2205	21
2206	22
2207	23
2208	24
2209	25
2210	26
2211	27
2212	28
2213	29
2214	30
2215	31
2216	32
2217	33
2218	34
2219	35
2220	36
2221	37
2222	38
2223	39
2224	40
2225	41
2226	42
2227	43
2228	44
2229	45
2230	121
2231	47
2232	48
2233	49
2234	50
2235	51
2236	52
2237	53
2238	54
2239	55
2240	56
2241	57
2242	58
2243	129
2244	120
2245	99
2246	20
2247	21
2248	22
2249	23
2250	24
2251	25
2252	26
2253	27
2254	28
2255	29
2256	30
2257	31
2258	32
2259	33
2260	34
2261	35
2262	36
2263	37
2264	38
2265	39
2266	40
2267	41
2268	42
2269	43
2270	44
2271	45
2272	123
2273	47
2274	48
2275	49
2276	50
2277	51
2278	52
2279	53
2280	54
2281	55
2282	56
2283	57
2284	58
2285	130
2286	120
2287	99
2288	20
2289	21
2290	22
2291	23
2292	24
2293	25
2294	26
2295	27
2296	28
2297	29
2298	30
2299	31
2300	32
2301	33
2302	34
2303	35
2304	36
2305	37
2306	38
2307	39
2308	40
2309	41
2310	42
2311	43
2312	44
2313	45
2314	125
2315	47
2316	48
2317	49
2318	50
2319	51
2320	52
2321	53
2322	54
2323	55
2324	56
2325	57
2326	58
2327	131
2328	120
2329	99
2330	20
2331	21
2332	22
2333	23
2334	24
2335	25
2336	26
2337	27
2338	28
2339	29
2340	30
2341	31
2342	32
2343	33
2344	34
2345	35
2346	36
2347	37
2348	38
2349	39
2350	40
2351	41
2352	42
2353	43
2354	44
2355	45
2356	127
2357	47
2358	48
2359	49
2360	50
2361	51
2362	52
2363	53
2364	54
2365	55
2366	56
2367	57
2368	58
2369	132
2370	120
2371	99
2372	20
2373	21
2374	22
2375	23
2376	24
2377	25
2378	26
2379	27
2380	28
2381	29
2382	30
2383	31
2384	32
2385	33
2386	34
2387	35
2388	36
2389	37
2390	38
2391	39
2392	40
2393	41
2394	42
2395	43
2396	44
2397	45
2398	121
2399	47
2400	48
2401	49
2402	50
2403	51
2404	52
2405	53
2406	54
2407	55
2408	56
2409	57
2410	58
2411	133
2412	120
2413	99
2414	20
2415	21
2416	22
2417	23
2418	24
2419	25
2420	26
2421	27
2422	28
2423	29
2424	30
2425	31
2426	32
2427	33
2428	34
2429	35
2430	36
2431	37
2432	38
2433	39
2434	40
2435	41
2436	42
2437	43
2438	44
2439	45
2440	123
2441	47
2442	48
2443	49
2444	50
2445	51
2446	52
2447	53
2448	54
2449	55
2450	56
2451	57
2452	58
2453	134
2454	120
2455	99
2456	20
2457	21
2458	22
2459	23
2460	24
2461	25
2462	26
2463	27
2464	28
2465	29
2466	30
2467	31
2468	32
2469	33
2470	34
2471	35
2472	36
2473	37
2474	38
2475	39
2476	40
2477	41
2478	42
2479	43
2480	44
2481	45
2482	125
2483	47
2484	48
2485	49
2486	50
2487	51
2488	52
2489	53
2490	54
2491	55
2492	56
2493	57
2494	58
2495	135
2496	120
2497	99
2498	20
2499	21
2500	22
2501	23
2502	24
2503	25
2504	26
2505	27
2506	28
2507	29
2508	30
2509	31
2510	32
2511	33
2512	34
2513	35
2514	36
2515	37
2516	38
2517	39
2518	40
2519	41
2520	42
2521	43
2522	44
2523	45
2524	127
2525	47
2526	48
2527	49
2528	50
2529	51
2530	52
2531	53
2532	54
2533	55
2534	56
2535	57
2536	58
2537	136
2538	120
2539	99
2540	20
2541	21
2542	22
2543	23
2544	24
2545	25
2546	26
2547	27
2548	28
2549	29
2550	30
2551	31
2552	32
2553	33
2554	34
2555	35
2556	36
2557	37
2558	38
2559	39
2560	40
2561	41
2562	42
2563	43
2564	44
2565	45
2566	121
2567	47
2568	48
2569	49
2570	50
2571	51
2572	52
2573	53
2574	54
2575	55
2576	56
2577	57
2578	58
2579	137
2580	120
2581	99
2582	20
2583	21
2584	22
2585	23
2586	24
2587	25
2588	26
2589	27
2590	28
2591	29
2592	30
2593	31
2594	32
2595	33
2596	34
2597	35
2598	36
2599	37
2600	38
2601	39
2602	40
2603	41
2604	42
2605	43
2606	44
2607	45
2608	123
2609	47
2610	48
2611	49
2612	50
2613	51
2614	52
2615	53
2616	54
2617	55
2618	56
2619	57
2620	58
2621	138
2622	120
2623	99
2624	20
2625	21
2626	22
2627	23
2628	24
2629	25
2630	26
2631	27
2632	28
2633	29
2634	30
2635	31
2636	32
2637	33
2638	34
2639	35
2640	36
2641	37
2642	38
2643	39
2644	40
2645	41
2646	42
2647	43
2648	44
2649	45
2650	125
2651	47
2652	48
2653	49
2654	50
2655	51
2656	52
2657	53
2658	54
2659	55
2660	56
2661	57
2662	58
2663	139
2664	140
2665	141
2666	142
2667	143
2668	144
2669	145
2670	146
2671	147
2672	148
2673	149
2674	150
2675	151
2676	152
2677	153
2678	154
2679	155
2680	156
2681	157
2682	158
2683	159
2684	160
2685	161
2686	162
2687	163
2688	164
2689	165
2690	166
2691	167
2692	168
2693	169
2694	170
2695	171
2696	172
2697	173
2698	174
2699	175
2700	176
2701	177
2702	178
2703	179
2704	180
2705	181
2706	182
2707	183
2708	184
2709	185
2710	186
2711	187
2712	188
2713	189
2714	190
2715	191
2716	192
2717	193
2718	194
2719	195
2720	196
